1 75.41 20.78 128.14 18.00 209.17 5.41
2 45.72 25.45 41.70 25.95 185.73 7.28
3 57.40 22.22 66.73 20.93 109.50 12.01
4 81.43 23.30 56.83 21.47 123.57 13.97
5 67.32 24.78 48.73 23.55 165.68 11.48
6 56.15 20.06 74.51 16.22 218.74 7.65
7 92.19 18.77 97.56 15.84 173.55 7.60
8 65.97 24.76 67.22 26.22 201.81 13.71
9 64.56 18.49 75.62 17.04 225.11 10.98
10 20.71 22.95 72.62 16.59 212.94 10.55
11 27.43 24.75 31.89 25.69 220.78 9.14
12 80.83 23.66 9.19 31.15 210.08 5.42
13 49.37 17.02 68.34 16.59 201.31 9.63
14 36.39 23.16 56.06 21.59 131.66 13.45
15 75.74 20.07 39.54 23.48 202.82 8.85
16 81.04 16.63 99.66 14.04 206.09 9.13
17 71.61 21.03 36.53 23.47 218.46 7.10
18 69.81 23.62 50.77 24.94 222.71 8.85
19 53.50 22.70 103.66 17.53 179.08 9.25
20 88.02 20.43 87.45 17.04 285.78 4.97
21 93.48 21.41 78.70 20.00 170.47 12.07
22 74.30 22.81 92.11 20.10 141.35 11.71
23 65.03 22.14 48.40 22.26 181.53 11.96
24 62.27 22.28 68.61 19.63 208.19 15.52
25 56.54 22.13 51.01 23.62 253.06 5.69
26 77.68 22.87 87.31 21.24 217.38 6.63
27 71.40 24.00 88.02 21.21 187.52 6.30
28 86.09 18.70 65.90 18.17 220.22 8.83
29 58.35 22.33 85.61 21.25 139.16 10.13
30 91.49 21.37 35.76 23.46 100.28 12.86
31 91.52 21.33 86.07 19.44 178.51 4.30
32 18.91 22.75 68.96 20.95 134.02 8.79
33 81.19 19.92 100.39 19.06 216.67 8.66
34 64.93 19.20 46.24 24.05 168.59 10.30
35 59.37 22.68 81.10 19.65 206.83 10.92
36 105.58 21.56 82.09 23.72 160.58 14.76
37 56.38 26.14 59.70 27.36 149.78 13.89
38 51.75 23.44 30.08 24.95 164.39 12.58
39 87.80 22.05 52.36 22.91 245.28 7.92
40 83.94 22.47 61.27 22.84 73.25 8.90
41 112.53 20.58 142.73 19.78 82.55 12.78
42 61.65 22.50 109.88 17.80 161.54 10.71
43 85.44 20.65 63.16 21.42 161.68 7.38
44 38.82 27.34 88.95 18.88 257.40 10.29
45 70.72 21.14 23.10 27.96 231.41 11.01
46 91.14 23.63 57.29 22.55 343.89 7.89
47 63.85 22.83 65.76 22.14 101.11 12.53
48 87.13 20.28 85.31 21.43 107.15 13.87
49 79.26 21.19 27.91 23.75 90.23 15.89
50 46.37 23.09 51.68 24.09 190.91 13.00
51 80.48 22.56 4.62 27.82 181.85 12.35
52 81.03 23.77 93.75 21.06 186.31 16.67
53 33.87 27.03 113.64 22.73 76.08 18.20
54 51.75 25.60 9.54 25.70 206.40 9.23
55 71.57 23.74 11.37 27.76 188.57 9.44
56 101.74 21.44 98.96 22.68 104.63 14.97
57 30.67 27.31 86.69 20.93 115.33 14.63
58 48.77 26.81 53.96 21.57 89.45 23.06
59 52.46 26.18 54.10 24.87 141.47 22.09
60 43.74 23.29 57.28 21.85 95.56 17.11
61 72.41 22.62 93.57 24.06 62.19 20.35
62 37.68 30.32 64.46 22.77 nan nan
63 14.57 27.20 81.35 23.85 nan nan
64 nan nan 33.41 25.56 nan nan